311 <- 224 -> 87
336 <- 311 -> 274
. <- 336 -> .
. <- 274 -> .
162 <- 87 -> 0
. <- 162 -> .
. <- 0 -> .
