50 <- 50 -> 75
25 <- 50 -> .
25 <- 25 -> 37
12 <- 25 -> .
12 <- 12 -> .
. <- 12 -> .
37 <- 37 -> .
. <- 37 -> .
75 <- 75 -> 87
62 <- 75 -> .
62 <- 62 -> .
. <- 62 -> .
87 <- 87 -> .
. <- 87 -> .
